512 256
5 8
5 5 5 5 5 5 5 5 5 5 5 5 5 5 5 5 5 5 5 5 5 5 5 5 5 5 5 5 5 5 5 5 5 5 5 5 5 5 5 5 5 5 5 5 5 5 5 5 5 5 5 5 5 5 5 5 5 5 5 5 5 5 5 5 5 5 5 5 5 5 5 5 5 5 5 5 5 5 5 5 5 5 5 5 5 5 5 5 5 5 5 5 5 5 5 5 5 5 5 5 5 5 5 5 5 5 5 5 5 5 5 5 5 5 5 5 5 5 5 5 5 5 5 5 5 5 5 5 5 5 5 5 5 5 5 5 5 5 5 5 5 5 5 5 5 5 5 5 5 5 5 5 5 5 5 5 5 5 5 5 5 5 5 5 5 5 5 5 5 5 5 5 5 5 5 5 5 5 5 5 5 5 5 5 5 5 5 5 5 5 5 5 5 5 5 5 5 5 5 5 5 5 5 5 5 5 5 5 5 5 5 5 5 5 5 5 5 5 5 5 5 5 5 5 5 5 5 5 5 5 5 5 5 5 5 5 5 5 5 5 5 5 5 5 5 5 5 5 5 5 5 5 5 5 5 5 3 3 3 3 3 3 3 3 3 3 3 3 3 3 3 3 3 3 3 3 3 3 3 3 3 3 3 3 3 3 3 3 3 3 3 3 3 3 3 3 3 3 3 3 3 3 3 3 3 3 3 3 3 3 3 3 3 3 3 3 3 3 3 3 3 3 3 3 3 3 3 3 3 3 3 3 3 3 3 3 3 3 3 3 3 3 3 3 3 3 3 3 3 3 3 3 3 3 3 3 3 3 3 3 3 3 3 3 3 3 3 3 3 3 3 3 3 3 3 3 3 3 3 3 3 3 3 3 3 3 3 3 3 3 3 3 3 3 3 3 3 3 3 3 3 3 3 3 3 3 3 3 3 3 3 3 3 3 3 3 3 3 3 3 3 3 3 3 3 3 3 3 3 3 3 3 3 3 3 3 3 3 3 3 3 3 3 3 3 3 3 3 3 3 3 3 3 3 3 3 3 3 3 3 3 3 3 3 3 3 3 3 3 3 3 3 3 3 3 3 3 3 3 3 3 3 3 3 3 3 3 3 3 3 3 3 3 3 3 3 3 3 3 3 3 3 3 3 3 3 3 3 3 3 3 3 
8 8 8 8 8 8 8 8 8 8 8 8 8 8 8 8 8 8 8 8 8 8 8 8 8 8 8 8 8 8 8 8 8 8 8 8 8 8 8 8 8 8 8 8 8 8 8 8 8 8 8 8 8 8 8 8 8 8 8 8 8 8 8 8 8 8 8 8 8 8 8 8 8 8 8 8 8 8 8 8 8 8 8 8 8 8 8 8 8 8 8 8 8 8 8 8 8 8 8 8 8 8 8 8 8 8 8 8 8 8 8 8 8 8 8 8 8 8 8 8 8 8 8 8 8 8 8 8 8 8 8 8 8 8 8 8 8 8 8 8 8 8 8 8 8 8 8 8 8 8 8 8 8 8 8 8 8 8 8 8 8 8 8 8 8 8 8 8 8 8 8 8 8 8 8 8 8 8 8 8 8 8 8 8 8 8 8 8 8 8 8 8 8 8 8 8 8 8 8 8 8 8 8 8 8 8 8 8 8 8 8 8 8 8 8 8 8 8 8 8 8 8 8 8 8 8 8 8 8 8 8 8 8 8 8 8 8 8 8 8 8 8 8 8 8 8 8 8 8 8 8 8 8 8 8 8 
1 2 73 177 222 
2 3 74 178 223 
3 4 75 179 224 
4 5 76 180 225 
5 6 77 181 226 
6 7 78 182 227 
7 8 79 183 228 
8 9 80 184 229 
9 10 81 185 230 
10 11 82 186 231 
11 12 83 187 232 
12 13 84 188 233 
13 14 85 189 234 
14 15 86 190 235 
15 16 87 191 236 
16 17 88 192 237 
17 18 89 129 238 
18 19 90 130 239 
19 20 91 131 240 
20 21 92 132 241 
21 22 93 133 242 
22 23 94 134 243 
23 24 95 135 244 
24 25 96 136 245 
25 26 97 137 246 
26 27 98 138 247 
27 28 99 139 248 
28 29 100 140 249 
29 30 101 141 250 
30 31 102 142 251 
31 32 103 143 252 
32 33 104 144 253 
33 34 105 145 254 
34 35 106 146 255 
35 36 107 147 256 
36 37 108 148 193 
37 38 109 149 194 
38 39 110 150 195 
39 40 111 151 196 
40 41 112 152 197 
41 42 113 153 198 
42 43 114 154 199 
43 44 115 155 200 
44 45 116 156 201 
45 46 117 157 202 
46 47 118 158 203 
47 48 119 159 204 
48 49 120 160 205 
49 50 121 161 206 
50 51 122 162 207 
51 52 123 163 208 
52 53 124 164 209 
53 54 125 165 210 
54 55 126 166 211 
55 56 127 167 212 
56 57 128 168 213 
57 58 65 169 214 
58 59 66 170 215 
59 60 67 171 216 
60 61 68 172 217 
61 62 69 173 218 
62 63 70 174 219 
63 64 71 175 220 
1 64 72 176 221 
35 65 68 129 201 
36 66 69 130 202 
37 67 70 131 203 
38 68 71 132 204 
39 69 72 133 205 
40 70 73 134 206 
41 71 74 135 207 
42 72 75 136 208 
43 73 76 137 209 
44 74 77 138 210 
45 75 78 139 211 
46 76 79 140 212 
47 77 80 141 213 
48 78 81 142 214 
49 79 82 143 215 
50 80 83 144 216 
51 81 84 145 217 
52 82 85 146 218 
53 83 86 147 219 
54 84 87 148 220 
55 85 88 149 221 
56 86 89 150 222 
57 87 90 151 223 
58 88 91 152 224 
59 89 92 153 225 
60 90 93 154 226 
61 91 94 155 227 
62 92 95 156 228 
63 93 96 157 229 
64 94 97 158 230 
1 95 98 159 231 
2 96 99 160 232 
3 97 100 161 233 
4 98 101 162 234 
5 99 102 163 235 
6 100 103 164 236 
7 101 104 165 237 
8 102 105 166 238 
9 103 106 167 239 
10 104 107 168 240 
11 105 108 169 241 
12 106 109 170 242 
13 107 110 171 243 
14 108 111 172 244 
15 109 112 173 245 
16 110 113 174 246 
17 111 114 175 247 
18 112 115 176 248 
19 113 116 177 249 
20 114 117 178 250 
21 115 118 179 251 
22 116 119 180 252 
23 117 120 181 253 
24 118 121 182 254 
25 119 122 183 255 
26 120 123 184 256 
27 121 124 185 193 
28 122 125 186 194 
29 123 126 187 195 
30 124 127 188 196 
31 125 128 189 197 
32 65 126 190 198 
33 66 127 191 199 
34 67 128 192 200 
15 79 129 138 195 
16 80 130 139 196 
17 81 131 140 197 
18 82 132 141 198 
19 83 133 142 199 
20 84 134 143 200 
21 85 135 144 201 
22 86 136 145 202 
23 87 137 146 203 
24 88 138 147 204 
25 89 139 148 205 
26 90 140 149 206 
27 91 141 150 207 
28 92 142 151 208 
29 93 143 152 209 
30 94 144 153 210 
31 95 145 154 211 
32 96 146 155 212 
33 97 147 156 213 
34 98 148 157 214 
35 99 149 158 215 
36 100 150 159 216 
37 101 151 160 217 
38 102 152 161 218 
39 103 153 162 219 
40 104 154 163 220 
41 105 155 164 221 
42 106 156 165 222 
43 107 157 166 223 
44 108 158 167 224 
45 109 159 168 225 
46 110 160 169 226 
47 111 161 170 227 
48 112 162 171 228 
49 113 163 172 229 
50 114 164 173 230 
51 115 165 174 231 
52 116 166 175 232 
53 117 167 176 233 
54 118 168 177 234 
55 119 169 178 235 
56 120 170 179 236 
57 121 171 180 237 
58 122 172 181 238 
59 123 173 182 239 
60 124 174 183 240 
61 125 175 184 241 
62 126 176 185 242 
63 127 177 186 243 
64 128 178 187 244 
1 65 179 188 245 
2 66 180 189 246 
3 67 181 190 247 
4 68 182 191 248 
5 69 183 192 249 
6 70 129 184 250 
7 71 130 185 251 
8 72 131 186 252 
9 73 132 187 253 
10 74 133 188 254 
11 75 134 189 255 
12 76 135 190 256 
13 77 136 191 193 
14 78 137 192 194 
40 106 166 193 246 
41 107 167 194 247 
42 108 168 195 248 
43 109 169 196 249 
44 110 170 197 250 
45 111 171 198 251 
46 112 172 199 252 
47 113 173 200 253 
48 114 174 201 254 
49 115 175 202 255 
50 116 176 203 256 
51 117 177 193 204 
52 118 178 194 205 
53 119 179 195 206 
54 120 180 196 207 
55 121 181 197 208 
56 122 182 198 209 
57 123 183 199 210 
58 124 184 200 211 
59 125 185 201 212 
60 126 186 202 213 
61 127 187 203 214 
62 128 188 204 215 
63 65 189 205 216 
64 66 190 206 217 
1 67 191 207 218 
2 68 192 208 219 
3 69 129 209 220 
4 70 130 210 221 
5 71 131 211 222 
6 72 132 212 223 
7 73 133 213 224 
8 74 134 214 225 
9 75 135 215 226 
10 76 136 216 227 
11 77 137 217 228 
12 78 138 218 229 
13 79 139 219 230 
14 80 140 220 231 
15 81 141 221 232 
16 82 142 222 233 
17 83 143 223 234 
18 84 144 224 235 
19 85 145 225 236 
20 86 146 226 237 
21 87 147 227 238 
22 88 148 228 239 
23 89 149 229 240 
24 90 150 230 241 
25 91 151 231 242 
26 92 152 232 243 
27 93 153 233 244 
28 94 154 234 245 
29 95 155 235 246 
30 96 156 236 247 
31 97 157 237 248 
32 98 158 238 249 
33 99 159 239 250 
34 100 160 240 251 
35 101 161 241 252 
36 102 162 242 253 
37 103 163 243 254 
38 104 164 244 255 
39 105 165 245 256 
65 137 199 0 0 
66 138 200 0 0 
67 139 201 0 0 
68 140 202 0 0 
69 141 203 0 0 
70 142 204 0 0 
71 143 205 0 0 
72 144 206 0 0 
73 145 207 0 0 
74 146 208 0 0 
75 147 209 0 0 
76 148 210 0 0 
77 149 211 0 0 
78 150 212 0 0 
79 151 213 0 0 
80 152 214 0 0 
81 153 215 0 0 
82 154 216 0 0 
83 155 217 0 0 
84 156 218 0 0 
85 157 219 0 0 
86 158 220 0 0 
87 159 221 0 0 
88 160 222 0 0 
89 161 223 0 0 
90 162 224 0 0 
91 163 225 0 0 
92 164 226 0 0 
93 165 227 0 0 
94 166 228 0 0 
95 167 229 0 0 
96 168 230 0 0 
97 169 231 0 0 
98 170 232 0 0 
99 171 233 0 0 
100 172 234 0 0 
101 173 235 0 0 
102 174 236 0 0 
103 175 237 0 0 
104 176 238 0 0 
105 177 239 0 0 
106 178 240 0 0 
107 179 241 0 0 
108 180 242 0 0 
109 181 243 0 0 
110 182 244 0 0 
111 183 245 0 0 
112 184 246 0 0 
113 185 247 0 0 
114 186 248 0 0 
115 187 249 0 0 
116 188 250 0 0 
117 189 251 0 0 
118 190 252 0 0 
119 191 253 0 0 
120 192 254 0 0 
121 129 255 0 0 
122 130 256 0 0 
123 131 193 0 0 
124 132 194 0 0 
125 133 195 0 0 
126 134 196 0 0 
127 135 197 0 0 
128 136 198 0 0 
22 129 254 0 0 
23 130 255 0 0 
24 131 256 0 0 
25 132 193 0 0 
26 133 194 0 0 
27 134 195 0 0 
28 135 196 0 0 
29 136 197 0 0 
30 137 198 0 0 
31 138 199 0 0 
32 139 200 0 0 
33 140 201 0 0 
34 141 202 0 0 
35 142 203 0 0 
36 143 204 0 0 
37 144 205 0 0 
38 145 206 0 0 
39 146 207 0 0 
40 147 208 0 0 
41 148 209 0 0 
42 149 210 0 0 
43 150 211 0 0 
44 151 212 0 0 
45 152 213 0 0 
46 153 214 0 0 
47 154 215 0 0 
48 155 216 0 0 
49 156 217 0 0 
50 157 218 0 0 
51 158 219 0 0 
52 159 220 0 0 
53 160 221 0 0 
54 161 222 0 0 
55 162 223 0 0 
56 163 224 0 0 
57 164 225 0 0 
58 165 226 0 0 
59 166 227 0 0 
60 167 228 0 0 
61 168 229 0 0 
62 169 230 0 0 
63 170 231 0 0 
64 171 232 0 0 
1 172 233 0 0 
2 173 234 0 0 
3 174 235 0 0 
4 175 236 0 0 
5 176 237 0 0 
6 177 238 0 0 
7 178 239 0 0 
8 179 240 0 0 
9 180 241 0 0 
10 181 242 0 0 
11 182 243 0 0 
12 183 244 0 0 
13 184 245 0 0 
14 185 246 0 0 
15 186 247 0 0 
16 187 248 0 0 
17 188 249 0 0 
18 189 250 0 0 
19 190 251 0 0 
20 191 252 0 0 
21 192 253 0 0 
3 92 193 0 0 
4 93 194 0 0 
5 94 195 0 0 
6 95 196 0 0 
7 96 197 0 0 
8 97 198 0 0 
9 98 199 0 0 
10 99 200 0 0 
11 100 201 0 0 
12 101 202 0 0 
13 102 203 0 0 
14 103 204 0 0 
15 104 205 0 0 
16 105 206 0 0 
17 106 207 0 0 
18 107 208 0 0 
19 108 209 0 0 
20 109 210 0 0 
21 110 211 0 0 
22 111 212 0 0 
23 112 213 0 0 
24 113 214 0 0 
25 114 215 0 0 
26 115 216 0 0 
27 116 217 0 0 
28 117 218 0 0 
29 118 219 0 0 
30 119 220 0 0 
31 120 221 0 0 
32 121 222 0 0 
33 122 223 0 0 
34 123 224 0 0 
35 124 225 0 0 
36 125 226 0 0 
37 126 227 0 0 
38 127 228 0 0 
39 128 229 0 0 
40 65 230 0 0 
41 66 231 0 0 
42 67 232 0 0 
43 68 233 0 0 
44 69 234 0 0 
45 70 235 0 0 
46 71 236 0 0 
47 72 237 0 0 
48 73 238 0 0 
49 74 239 0 0 
50 75 240 0 0 
51 76 241 0 0 
52 77 242 0 0 
53 78 243 0 0 
54 79 244 0 0 
55 80 245 0 0 
56 81 246 0 0 
57 82 247 0 0 
58 83 248 0 0 
59 84 249 0 0 
60 85 250 0 0 
61 86 251 0 0 
62 87 252 0 0 
63 88 253 0 0 
64 89 254 0 0 
1 90 255 0 0 
2 91 256 0 0 
1 103 150 0 0 
2 104 151 0 0 
3 105 152 0 0 
4 106 153 0 0 
5 107 154 0 0 
6 108 155 0 0 
7 109 156 0 0 
8 110 157 0 0 
9 111 158 0 0 
10 112 159 0 0 
11 113 160 0 0 
12 114 161 0 0 
13 115 162 0 0 
14 116 163 0 0 
15 117 164 0 0 
16 118 165 0 0 
17 119 166 0 0 
18 120 167 0 0 
19 121 168 0 0 
20 122 169 0 0 
21 123 170 0 0 
22 124 171 0 0 
23 125 172 0 0 
24 126 173 0 0 
25 127 174 0 0 
26 128 175 0 0 
27 65 176 0 0 
28 66 177 0 0 
29 67 178 0 0 
30 68 179 0 0 
31 69 180 0 0 
32 70 181 0 0 
33 71 182 0 0 
34 72 183 0 0 
35 73 184 0 0 
36 74 185 0 0 
37 75 186 0 0 
38 76 187 0 0 
39 77 188 0 0 
40 78 189 0 0 
41 79 190 0 0 
42 80 191 0 0 
43 81 192 0 0 
44 82 129 0 0 
45 83 130 0 0 
46 84 131 0 0 
47 85 132 0 0 
48 86 133 0 0 
49 87 134 0 0 
50 88 135 0 0 
51 89 136 0 0 
52 90 137 0 0 
53 91 138 0 0 
54 92 139 0 0 
55 93 140 0 0 
56 94 141 0 0 
57 95 142 0 0 
58 96 143 0 0 
59 97 144 0 0 
60 98 145 0 0 
61 99 146 0 0 
62 100 147 0 0 
63 101 148 0 0 
64 102 149 0 0 
1 64 95 179 218 364 447 449 
1 2 96 180 219 365 448 450 
2 3 97 181 220 366 385 451 
3 4 98 182 221 367 386 452 
4 5 99 183 222 368 387 453 
5 6 100 184 223 369 388 454 
6 7 101 185 224 370 389 455 
7 8 102 186 225 371 390 456 
8 9 103 187 226 372 391 457 
9 10 104 188 227 373 392 458 
10 11 105 189 228 374 393 459 
11 12 106 190 229 375 394 460 
12 13 107 191 230 376 395 461 
13 14 108 192 231 377 396 462 
14 15 109 129 232 378 397 463 
15 16 110 130 233 379 398 464 
16 17 111 131 234 380 399 465 
17 18 112 132 235 381 400 466 
18 19 113 133 236 382 401 467 
19 20 114 134 237 383 402 468 
20 21 115 135 238 384 403 469 
21 22 116 136 239 321 404 470 
22 23 117 137 240 322 405 471 
23 24 118 138 241 323 406 472 
24 25 119 139 242 324 407 473 
25 26 120 140 243 325 408 474 
26 27 121 141 244 326 409 475 
27 28 122 142 245 327 410 476 
28 29 123 143 246 328 411 477 
29 30 124 144 247 329 412 478 
30 31 125 145 248 330 413 479 
31 32 126 146 249 331 414 480 
32 33 127 147 250 332 415 481 
33 34 128 148 251 333 416 482 
34 35 65 149 252 334 417 483 
35 36 66 150 253 335 418 484 
36 37 67 151 254 336 419 485 
37 38 68 152 255 337 420 486 
38 39 69 153 256 338 421 487 
39 40 70 154 193 339 422 488 
40 41 71 155 194 340 423 489 
41 42 72 156 195 341 424 490 
42 43 73 157 196 342 425 491 
43 44 74 158 197 343 426 492 
44 45 75 159 198 344 427 493 
45 46 76 160 199 345 428 494 
46 47 77 161 200 346 429 495 
47 48 78 162 201 347 430 496 
48 49 79 163 202 348 431 497 
49 50 80 164 203 349 432 498 
50 51 81 165 204 350 433 499 
51 52 82 166 205 351 434 500 
52 53 83 167 206 352 435 501 
53 54 84 168 207 353 436 502 
54 55 85 169 208 354 437 503 
55 56 86 170 209 355 438 504 
56 57 87 171 210 356 439 505 
57 58 88 172 211 357 440 506 
58 59 89 173 212 358 441 507 
59 60 90 174 213 359 442 508 
60 61 91 175 214 360 443 509 
61 62 92 176 215 361 444 510 
62 63 93 177 216 362 445 511 
63 64 94 178 217 363 446 512 
57 65 126 179 216 257 422 475 
58 66 127 180 217 258 423 476 
59 67 128 181 218 259 424 477 
60 65 68 182 219 260 425 478 
61 66 69 183 220 261 426 479 
62 67 70 184 221 262 427 480 
63 68 71 185 222 263 428 481 
64 69 72 186 223 264 429 482 
1 70 73 187 224 265 430 483 
2 71 74 188 225 266 431 484 
3 72 75 189 226 267 432 485 
4 73 76 190 227 268 433 486 
5 74 77 191 228 269 434 487 
6 75 78 192 229 270 435 488 
7 76 79 129 230 271 436 489 
8 77 80 130 231 272 437 490 
9 78 81 131 232 273 438 491 
10 79 82 132 233 274 439 492 
11 80 83 133 234 275 440 493 
12 81 84 134 235 276 441 494 
13 82 85 135 236 277 442 495 
14 83 86 136 237 278 443 496 
15 84 87 137 238 279 444 497 
16 85 88 138 239 280 445 498 
17 86 89 139 240 281 446 499 
18 87 90 140 241 282 447 500 
19 88 91 141 242 283 448 501 
20 89 92 142 243 284 385 502 
21 90 93 143 244 285 386 503 
22 91 94 144 245 286 387 504 
23 92 95 145 246 287 388 505 
24 93 96 146 247 288 389 506 
25 94 97 147 248 289 390 507 
26 95 98 148 249 290 391 508 
27 96 99 149 250 291 392 509 
28 97 100 150 251 292 393 510 
29 98 101 151 252 293 394 511 
30 99 102 152 253 294 395 512 
31 100 103 153 254 295 396 449 
32 101 104 154 255 296 397 450 
33 102 105 155 256 297 398 451 
34 103 106 156 193 298 399 452 
35 104 107 157 194 299 400 453 
36 105 108 158 195 300 401 454 
37 106 109 159 196 301 402 455 
38 107 110 160 197 302 403 456 
39 108 111 161 198 303 404 457 
40 109 112 162 199 304 405 458 
41 110 113 163 200 305 406 459 
42 111 114 164 201 306 407 460 
43 112 115 165 202 307 408 461 
44 113 116 166 203 308 409 462 
45 114 117 167 204 309 410 463 
46 115 118 168 205 310 411 464 
47 116 119 169 206 311 412 465 
48 117 120 170 207 312 413 466 
49 118 121 171 208 313 414 467 
50 119 122 172 209 314 415 468 
51 120 123 173 210 315 416 469 
52 121 124 174 211 316 417 470 
53 122 125 175 212 317 418 471 
54 123 126 176 213 318 419 472 
55 124 127 177 214 319 420 473 
56 125 128 178 215 320 421 474 
17 65 129 184 220 313 321 492 
18 66 130 185 221 314 322 493 
19 67 131 186 222 315 323 494 
20 68 132 187 223 316 324 495 
21 69 133 188 224 317 325 496 
22 70 134 189 225 318 326 497 
23 71 135 190 226 319 327 498 
24 72 136 191 227 320 328 499 
25 73 137 192 228 257 329 500 
26 74 129 138 229 258 330 501 
27 75 130 139 230 259 331 502 
28 76 131 140 231 260 332 503 
29 77 132 141 232 261 333 504 
30 78 133 142 233 262 334 505 
31 79 134 143 234 263 335 506 
32 80 135 144 235 264 336 507 
33 81 136 145 236 265 337 508 
34 82 137 146 237 266 338 509 
35 83 138 147 238 267 339 510 
36 84 139 148 239 268 340 511 
37 85 140 149 240 269 341 512 
38 86 141 150 241 270 342 449 
39 87 142 151 242 271 343 450 
40 88 143 152 243 272 344 451 
41 89 144 153 244 273 345 452 
42 90 145 154 245 274 346 453 
43 91 146 155 246 275 347 454 
44 92 147 156 247 276 348 455 
45 93 148 157 248 277 349 456 
46 94 149 158 249 278 350 457 
47 95 150 159 250 279 351 458 
48 96 151 160 251 280 352 459 
49 97 152 161 252 281 353 460 
50 98 153 162 253 282 354 461 
51 99 154 163 254 283 355 462 
52 100 155 164 255 284 356 463 
53 101 156 165 256 285 357 464 
54 102 157 166 193 286 358 465 
55 103 158 167 194 287 359 466 
56 104 159 168 195 288 360 467 
57 105 160 169 196 289 361 468 
58 106 161 170 197 290 362 469 
59 107 162 171 198 291 363 470 
60 108 163 172 199 292 364 471 
61 109 164 173 200 293 365 472 
62 110 165 174 201 294 366 473 
63 111 166 175 202 295 367 474 
64 112 167 176 203 296 368 475 
1 113 168 177 204 297 369 476 
2 114 169 178 205 298 370 477 
3 115 170 179 206 299 371 478 
4 116 171 180 207 300 372 479 
5 117 172 181 208 301 373 480 
6 118 173 182 209 302 374 481 
7 119 174 183 210 303 375 482 
8 120 175 184 211 304 376 483 
9 121 176 185 212 305 377 484 
10 122 177 186 213 306 378 485 
11 123 178 187 214 307 379 486 
12 124 179 188 215 308 380 487 
13 125 180 189 216 309 381 488 
14 126 181 190 217 310 382 489 
15 127 182 191 218 311 383 490 
16 128 183 192 219 312 384 491 
36 121 191 193 204 315 324 385 
37 122 192 194 205 316 325 386 
38 123 129 195 206 317 326 387 
39 124 130 196 207 318 327 388 
40 125 131 197 208 319 328 389 
41 126 132 198 209 320 329 390 
42 127 133 199 210 257 330 391 
43 128 134 200 211 258 331 392 
44 65 135 201 212 259 332 393 
45 66 136 202 213 260 333 394 
46 67 137 203 214 261 334 395 
47 68 138 204 215 262 335 396 
48 69 139 205 216 263 336 397 
49 70 140 206 217 264 337 398 
50 71 141 207 218 265 338 399 
51 72 142 208 219 266 339 400 
52 73 143 209 220 267 340 401 
53 74 144 210 221 268 341 402 
54 75 145 211 222 269 342 403 
55 76 146 212 223 270 343 404 
56 77 147 213 224 271 344 405 
57 78 148 214 225 272 345 406 
58 79 149 215 226 273 346 407 
59 80 150 216 227 274 347 408 
60 81 151 217 228 275 348 409 
61 82 152 218 229 276 349 410 
62 83 153 219 230 277 350 411 
63 84 154 220 231 278 351 412 
64 85 155 221 232 279 352 413 
1 86 156 222 233 280 353 414 
2 87 157 223 234 281 354 415 
3 88 158 224 235 282 355 416 
4 89 159 225 236 283 356 417 
5 90 160 226 237 284 357 418 
6 91 161 227 238 285 358 419 
7 92 162 228 239 286 359 420 
8 93 163 229 240 287 360 421 
9 94 164 230 241 288 361 422 
10 95 165 231 242 289 362 423 
11 96 166 232 243 290 363 424 
12 97 167 233 244 291 364 425 
13 98 168 234 245 292 365 426 
14 99 169 235 246 293 366 427 
15 100 170 236 247 294 367 428 
16 101 171 237 248 295 368 429 
17 102 172 238 249 296 369 430 
18 103 173 239 250 297 370 431 
19 104 174 240 251 298 371 432 
20 105 175 241 252 299 372 433 
21 106 176 242 253 300 373 434 
22 107 177 243 254 301 374 435 
23 108 178 244 255 302 375 436 
24 109 179 245 256 303 376 437 
25 110 180 193 246 304 377 438 
26 111 181 194 247 305 378 439 
27 112 182 195 248 306 379 440 
28 113 183 196 249 307 380 441 
29 114 184 197 250 308 381 442 
30 115 185 198 251 309 382 443 
31 116 186 199 252 310 383 444 
32 117 187 200 253 311 384 445 
33 118 188 201 254 312 321 446 
34 119 189 202 255 313 322 447 
35 120 190 203 256 314 323 448 