120 70
6 6
2 2 2 2 2 2 2 2 2 2 2 2 2 2 2 2 2 2 2 2 3 3 3 3 3 3 3 3 3 3 3 3 3 3 3 3 3 3 3 3 3 3 3 3 3 3 3 3 3 3 6 6 6 6 6 6 6 6 6 6 6 6 6 6 6 5 5 5 5 5 2 2 2 2 2 2 2 2 2 2 2 2 2 2 2 2 2 2 2 2 2 2 2 2 2 2 2 2 2 2 2 2 2 2 2 2 2 2 2 2 2 2 2 2 2 3 3 3 3 3 
5 5 5 5 5 5 5 5 5 5 5 5 5 5 5 5 5 5 5 5 5 5 5 5 5 6 6 6 6 6 5 5 5 5 5 5 5 5 5 5 5 5 5 5 5 5 5 5 5 5 5 5 5 5 5 4 4 4 4 4 5 5 5 5 5 5 5 5 5 5 
1 10 0 0 0 0 
2 6 0 0 0 0 
3 7 0 0 0 0 
4 8 0 0 0 0 
5 9 0 0 0 0 
6 13 0 0 0 0 
7 14 0 0 0 0 
8 15 0 0 0 0 
9 11 0 0 0 0 
10 12 0 0 0 0 
11 19 0 0 0 0 
12 20 0 0 0 0 
13 16 0 0 0 0 
14 17 0 0 0 0 
15 18 0 0 0 0 
16 24 0 0 0 0 
17 25 0 0 0 0 
18 21 0 0 0 0 
19 22 0 0 0 0 
20 23 0 0 0 0 
1 25 32 0 0 0 
2 21 33 0 0 0 
3 22 34 0 0 0 
4 23 35 0 0 0 
5 24 31 0 0 0 
6 30 36 0 0 0 
7 26 37 0 0 0 
8 27 38 0 0 0 
9 28 39 0 0 0 
10 29 40 0 0 0 
11 31 43 0 0 0 
12 32 44 0 0 0 
13 33 45 0 0 0 
14 34 41 0 0 0 
15 35 42 0 0 0 
16 37 46 0 0 0 
17 38 47 0 0 0 
18 39 48 0 0 0 
19 40 49 0 0 0 
20 36 50 0 0 0 
1 15 41 0 0 0 
2 11 42 0 0 0 
3 12 43 0 0 0 
4 13 44 0 0 0 
5 14 45 0 0 0 
6 17 49 0 0 0 
7 18 50 0 0 0 
8 19 46 0 0 0 
9 20 47 0 0 0 
10 16 48 0 0 0 
1 22 31 54 57 61 
2 23 32 55 58 62 
3 24 33 51 59 63 
4 25 34 52 60 64 
5 21 35 53 56 65 
6 28 37 56 63 68 
7 29 38 57 64 69 
8 30 39 58 65 70 
9 26 40 59 61 66 
10 27 36 60 62 67 
11 25 45 54 63 67 
12 21 41 55 64 68 
13 22 42 51 65 69 
14 23 43 52 61 70 
15 24 44 53 62 66 
16 30 47 55 66 0 
17 26 48 51 67 0 
18 27 49 52 68 0 
19 28 50 53 69 0 
20 29 46 54 70 0 
21 26 0 0 0 0 
22 27 0 0 0 0 
23 28 0 0 0 0 
24 29 0 0 0 0 
25 30 0 0 0 0 
26 31 0 0 0 0 
27 32 0 0 0 0 
28 33 0 0 0 0 
29 34 0 0 0 0 
30 35 0 0 0 0 
31 36 0 0 0 0 
32 37 0 0 0 0 
33 38 0 0 0 0 
34 39 0 0 0 0 
35 40 0 0 0 0 
36 41 0 0 0 0 
37 42 0 0 0 0 
38 43 0 0 0 0 
39 44 0 0 0 0 
40 45 0 0 0 0 
41 46 0 0 0 0 
42 47 0 0 0 0 
43 48 0 0 0 0 
44 49 0 0 0 0 
45 50 0 0 0 0 
46 51 0 0 0 0 
47 52 0 0 0 0 
48 53 0 0 0 0 
49 54 0 0 0 0 
50 55 0 0 0 0 
51 58 0 0 0 0 
52 59 0 0 0 0 
53 60 0 0 0 0 
54 56 0 0 0 0 
55 57 0 0 0 0 
56 64 0 0 0 0 
57 65 0 0 0 0 
58 61 0 0 0 0 
59 62 0 0 0 0 
60 63 0 0 0 0 
61 69 0 0 0 0 
62 70 0 0 0 0 
63 66 0 0 0 0 
64 67 0 0 0 0 
65 68 0 0 0 0 
66 5 27 0 0 0 
67 1 28 0 0 0 
68 2 29 0 0 0 
69 3 30 0 0 0 
70 4 26 0 0 0 
51 1 41 117 21 0 
52 2 42 118 22 0 
53 3 43 119 23 0 
54 4 44 120 24 0 
55 5 45 116 25 0 
56 2 6 46 26 0 
57 3 7 47 27 0 
58 4 8 48 28 0 
59 5 9 49 29 0 
60 1 10 50 30 0 
61 9 11 31 42 0 
62 10 12 32 43 0 
63 6 13 33 44 0 
64 7 14 34 45 0 
65 8 15 35 41 0 
66 13 16 50 36 0 
67 14 17 46 37 0 
68 15 18 47 38 0 
69 11 19 48 39 0 
70 12 20 49 40 0 
71 18 22 55 62 0 
72 19 23 51 63 0 
73 20 24 52 64 0 
74 16 25 53 65 0 
75 17 21 54 61 0 
71 76 120 27 67 59 
72 77 116 28 68 60 
73 78 117 29 69 56 
74 79 118 30 70 57 
75 80 119 26 66 58 
76 81 31 25 51 0 
77 82 32 21 52 0 
78 83 33 22 53 0 
79 84 34 23 54 0 
80 85 35 24 55 0 
81 86 26 40 60 0 
82 87 27 36 56 0 
83 88 28 37 57 0 
84 89 29 38 58 0 
85 90 30 39 59 0 
86 91 34 41 62 0 
87 92 35 42 63 0 
88 93 31 43 64 0 
89 94 32 44 65 0 
90 95 33 45 61 0 
91 96 48 36 70 0 
92 97 49 37 66 0 
93 98 50 38 67 0 
94 99 46 39 68 0 
95 100 47 40 69 0 
96 101 67 53 63 0 
97 102 68 54 64 0 
98 103 69 55 65 0 
99 104 70 51 61 0 
100 105 66 52 62 0 
106 104 55 56 0 0 
107 105 51 57 0 0 
108 101 52 58 0 0 
109 102 53 59 0 0 
110 103 54 60 0 0 
111 108 51 64 59 0 
112 109 52 65 60 0 
113 110 53 61 56 0 
114 106 54 62 57 0 
115 107 55 63 58 0 
116 113 66 65 59 0 
117 114 67 61 60 0 
118 115 68 62 56 0 
119 111 69 63 57 0 
120 112 70 64 58 0 