240 120
6 7
3 3 3 3 3 3 3 3 3 3 3 3 3 3 3 3 3 3 3 3 6 6 6 6 6 6 6 6 6 6 3 3 3 3 3 3 3 3 3 3 3 3 3 3 3 3 3 3 3 3 6 6 6 6 6 6 6 6 6 6 3 3 3 3 3 3 3 3 3 3 6 6 6 6 6 6 6 6 6 6 3 3 3 3 3 3 3 3 3 3 6 6 6 6 6 6 6 6 6 6 3 3 3 3 3 3 3 3 3 3 6 6 6 6 6 6 6 6 6 6 3 3 3 3 3 3 3 3 3 3 2 2 2 2 2 2 2 2 2 2 2 2 2 2 2 2 2 2 2 2 2 2 2 2 2 2 2 2 2 2 2 2 2 2 2 2 2 2 2 2 2 2 2 2 2 2 2 2 2 2 2 2 2 2 2 2 2 2 2 2 2 2 2 2 2 2 2 2 2 2 2 2 2 2 2 2 2 2 2 2 2 2 2 2 2 2 2 2 2 2 2 2 2 2 2 2 2 2 2 2 2 2 2 2 2 2 2 2 2 2 
6 6 6 6 6 6 6 6 6 6 7 7 7 7 7 7 7 7 7 7 7 7 7 7 7 7 7 7 7 7 6 6 6 6 6 6 6 6 6 6 6 6 6 6 6 6 6 6 6 6 7 7 7 7 7 7 7 7 7 7 6 6 6 6 6 6 6 6 6 6 6 6 6 6 6 6 6 6 6 6 7 7 7 7 7 7 7 7 7 7 6 6 6 6 6 6 6 6 6 6 6 6 6 6 6 6 6 6 6 6 6 6 6 6 6 6 6 6 6 6 
31 90 114 0 0 0 
32 81 115 0 0 0 
33 82 116 0 0 0 
34 83 117 0 0 0 
35 84 118 0 0 0 
36 85 119 0 0 0 
37 86 120 0 0 0 
38 87 111 0 0 0 
39 88 112 0 0 0 
40 89 113 0 0 0 
1 15 73 0 0 0 
2 16 74 0 0 0 
3 17 75 0 0 0 
4 18 76 0 0 0 
5 19 77 0 0 0 
6 20 78 0 0 0 
7 11 79 0 0 0 
8 12 80 0 0 0 
9 13 71 0 0 0 
10 14 72 0 0 0 
1 37 45 69 72 110 
2 38 46 70 73 101 
3 39 47 61 74 102 
4 40 48 62 75 103 
5 31 49 63 76 104 
6 32 50 64 77 105 
7 33 41 65 78 106 
8 34 42 66 79 107 
9 35 43 67 80 108 
10 36 44 68 71 109 
21 68 107 0 0 0 
22 69 108 0 0 0 
23 70 109 0 0 0 
24 61 110 0 0 0 
25 62 101 0 0 0 
26 63 102 0 0 0 
27 64 103 0 0 0 
28 65 104 0 0 0 
29 66 105 0 0 0 
30 67 106 0 0 0 
21 60 86 0 0 0 
22 51 87 0 0 0 
23 52 88 0 0 0 
24 53 89 0 0 0 
25 54 90 0 0 0 
26 55 81 0 0 0 
27 56 82 0 0 0 
28 57 83 0 0 0 
29 58 84 0 0 0 
30 59 85 0 0 0 
11 24 54 88 95 111 
12 25 55 89 96 112 
13 26 56 90 97 113 
14 27 57 81 98 114 
15 28 58 82 99 115 
16 29 59 83 100 116 
17 30 60 84 91 117 
18 21 51 85 92 118 
19 22 52 86 93 119 
20 23 53 87 94 120 
11 44 77 0 0 0 
12 45 78 0 0 0 
13 46 79 0 0 0 
14 47 80 0 0 0 
15 48 71 0 0 0 
16 49 72 0 0 0 
17 50 73 0 0 0 
18 41 74 0 0 0 
19 42 75 0 0 0 
20 43 76 0 0 0 
11 30 56 81 100 118 
12 21 57 82 91 119 
13 22 58 83 92 120 
14 23 59 84 93 111 
15 24 60 85 94 112 
16 25 51 86 95 113 
17 26 52 87 96 114 
18 27 53 88 97 115 
19 28 54 89 98 116 
20 29 55 90 99 117 
1 39 103 0 0 0 
2 40 104 0 0 0 
3 31 105 0 0 0 
4 32 106 0 0 0 
5 33 107 0 0 0 
6 34 108 0 0 0 
7 35 109 0 0 0 
8 36 110 0 0 0 
9 37 101 0 0 0 
10 38 102 0 0 0 
1 32 41 68 80 102 
2 33 42 69 71 103 
3 34 43 70 72 104 
4 35 44 61 73 105 
5 36 45 62 74 106 
6 37 46 63 75 107 
7 38 47 64 76 108 
8 39 48 65 77 109 
9 40 49 66 78 110 
10 31 50 67 79 101 
41 62 99 0 0 0 
42 63 100 0 0 0 
43 64 91 0 0 0 
44 65 92 0 0 0 
45 66 93 0 0 0 
46 67 94 0 0 0 
47 68 95 0 0 0 
48 69 96 0 0 0 
49 70 97 0 0 0 
50 61 98 0 0 0 
11 26 57 84 99 116 
12 27 58 85 100 117 
13 28 59 86 91 118 
14 29 60 87 92 119 
15 30 51 88 93 120 
16 21 52 89 94 111 
17 22 53 90 95 112 
18 23 54 81 96 113 
19 24 55 82 97 114 
20 25 56 83 98 115 
1 53 119 0 0 0 
2 54 120 0 0 0 
3 55 111 0 0 0 
4 56 112 0 0 0 
5 57 113 0 0 0 
6 58 114 0 0 0 
7 59 115 0 0 0 
8 60 116 0 0 0 
9 51 117 0 0 0 
10 52 118 0 0 0 
1 11 0 0 0 0 
2 12 0 0 0 0 
3 13 0 0 0 0 
4 14 0 0 0 0 
5 15 0 0 0 0 
6 16 0 0 0 0 
7 17 0 0 0 0 
8 18 0 0 0 0 
9 19 0 0 0 0 
10 20 0 0 0 0 
11 21 0 0 0 0 
12 22 0 0 0 0 
13 23 0 0 0 0 
14 24 0 0 0 0 
15 25 0 0 0 0 
16 26 0 0 0 0 
17 27 0 0 0 0 
18 28 0 0 0 0 
19 29 0 0 0 0 
20 30 0 0 0 0 
21 31 0 0 0 0 
22 32 0 0 0 0 
23 33 0 0 0 0 
24 34 0 0 0 0 
25 35 0 0 0 0 
26 36 0 0 0 0 
27 37 0 0 0 0 
28 38 0 0 0 0 
29 39 0 0 0 0 
30 40 0 0 0 0 
31 41 0 0 0 0 
32 42 0 0 0 0 
33 43 0 0 0 0 
34 44 0 0 0 0 
35 45 0 0 0 0 
36 46 0 0 0 0 
37 47 0 0 0 0 
38 48 0 0 0 0 
39 49 0 0 0 0 
40 50 0 0 0 0 
41 51 0 0 0 0 
42 52 0 0 0 0 
43 53 0 0 0 0 
44 54 0 0 0 0 
45 55 0 0 0 0 
46 56 0 0 0 0 
47 57 0 0 0 0 
48 58 0 0 0 0 
49 59 0 0 0 0 
50 60 0 0 0 0 
51 61 0 0 0 0 
52 62 0 0 0 0 
53 63 0 0 0 0 
54 64 0 0 0 0 
55 65 0 0 0 0 
56 66 0 0 0 0 
57 67 0 0 0 0 
58 68 0 0 0 0 
59 69 0 0 0 0 
60 70 0 0 0 0 
61 71 0 0 0 0 
62 72 0 0 0 0 
63 73 0 0 0 0 
64 74 0 0 0 0 
65 75 0 0 0 0 
66 76 0 0 0 0 
67 77 0 0 0 0 
68 78 0 0 0 0 
69 79 0 0 0 0 
70 80 0 0 0 0 
71 81 0 0 0 0 
72 82 0 0 0 0 
73 83 0 0 0 0 
74 84 0 0 0 0 
75 85 0 0 0 0 
76 86 0 0 0 0 
77 87 0 0 0 0 
78 88 0 0 0 0 
79 89 0 0 0 0 
80 90 0 0 0 0 
81 91 0 0 0 0 
82 92 0 0 0 0 
83 93 0 0 0 0 
84 94 0 0 0 0 
85 95 0 0 0 0 
86 96 0 0 0 0 
87 97 0 0 0 0 
88 98 0 0 0 0 
89 99 0 0 0 0 
90 100 0 0 0 0 
91 101 0 0 0 0 
92 102 0 0 0 0 
93 103 0 0 0 0 
94 104 0 0 0 0 
95 105 0 0 0 0 
96 106 0 0 0 0 
97 107 0 0 0 0 
98 108 0 0 0 0 
99 109 0 0 0 0 
100 110 0 0 0 0 
101 111 0 0 0 0 
102 112 0 0 0 0 
103 113 0 0 0 0 
104 114 0 0 0 0 
105 115 0 0 0 0 
106 116 0 0 0 0 
107 117 0 0 0 0 
108 118 0 0 0 0 
109 119 0 0 0 0 
110 120 0 0 0 0 
131 121 81 11 91 21 0 
132 122 82 12 92 22 0 
133 123 83 13 93 23 0 
134 124 84 14 94 24 0 
135 125 85 15 95 25 0 
136 126 86 16 96 26 0 
137 127 87 17 97 27 0 
138 128 88 18 98 28 0 
139 129 89 19 99 29 0 
140 130 90 20 100 30 0 
131 141 61 17 111 71 51 
132 142 62 18 112 72 52 
133 143 63 19 113 73 53 
134 144 64 20 114 74 54 
135 145 65 11 115 75 55 
136 146 66 12 116 76 56 
137 147 67 13 117 77 57 
138 148 68 14 118 78 58 
139 149 69 15 119 79 59 
140 150 70 16 120 80 60 
141 151 41 31 116 72 58 
142 152 42 32 117 73 59 
143 153 43 33 118 74 60 
144 154 44 34 119 75 51 
145 155 45 35 120 76 52 
146 156 46 36 111 77 53 
147 157 47 37 112 78 54 
148 158 48 38 113 79 55 
149 159 49 39 114 80 56 
150 160 50 40 115 71 57 
151 161 1 83 100 25 0 
152 162 2 84 91 26 0 
153 163 3 85 92 27 0 
154 164 4 86 93 28 0 
155 165 5 87 94 29 0 
156 166 6 88 95 30 0 
157 167 7 89 96 21 0 
158 168 8 90 97 22 0 
159 169 9 81 98 23 0 
160 170 10 82 99 24 0 
161 171 101 68 91 27 0 
162 172 102 69 92 28 0 
163 173 103 70 93 29 0 
164 174 104 61 94 30 0 
165 175 105 62 95 21 0 
166 176 106 63 96 22 0 
167 177 107 64 97 23 0 
168 178 108 65 98 24 0 
169 179 109 66 99 25 0 
170 180 110 67 100 26 0 
171 181 129 42 115 76 58 
172 182 130 43 116 77 59 
173 183 121 44 117 78 60 
174 184 122 45 118 79 51 
175 185 123 46 119 80 52 
176 186 124 47 120 71 53 
177 187 125 48 111 72 54 
178 188 126 49 112 73 55 
179 189 127 50 113 74 56 
180 190 128 41 114 75 57 
181 191 110 34 94 23 0 
182 192 101 35 95 24 0 
183 193 102 36 96 25 0 
184 194 103 37 97 26 0 
185 195 104 38 98 27 0 
186 196 105 39 99 28 0 
187 197 106 40 100 29 0 
188 198 107 31 91 30 0 
189 199 108 32 92 21 0 
190 200 109 33 93 22 0 
191 201 65 19 92 30 0 
192 202 66 20 93 21 0 
193 203 67 11 94 22 0 
194 204 68 12 95 23 0 
195 205 69 13 96 24 0 
196 206 70 14 97 25 0 
197 207 61 15 98 26 0 
198 208 62 16 99 27 0 
199 209 63 17 100 28 0 
200 210 64 18 91 29 0 
201 211 2 46 118 71 54 
202 212 3 47 119 72 55 
203 213 4 48 120 73 56 
204 214 5 49 111 74 57 
205 215 6 50 112 75 58 
206 216 7 41 113 76 59 
207 217 8 42 114 77 60 
208 218 9 43 115 78 51 
209 219 10 44 116 79 52 
210 220 1 45 117 80 53 
211 221 103 113 72 57 0 
212 222 104 114 73 58 0 
213 223 105 115 74 59 0 
214 224 106 116 75 60 0 
215 225 107 117 76 51 0 
216 226 108 118 77 52 0 
217 227 109 119 78 53 0 
218 228 110 120 79 54 0 
219 229 101 111 80 55 0 
220 230 102 112 71 56 0 
221 231 89 35 100 22 0 
222 232 90 36 91 23 0 
223 233 81 37 92 24 0 
224 234 82 38 93 25 0 
225 235 83 39 94 26 0 
226 236 84 40 95 27 0 
227 237 85 31 96 28 0 
228 238 86 32 97 29 0 
229 239 87 33 98 30 0 
230 240 88 34 99 21 0 
231 8 123 116 74 51 0 
232 9 124 117 75 52 0 
233 10 125 118 76 53 0 
234 1 126 119 77 54 0 
235 2 127 120 78 55 0 
236 3 128 111 79 56 0 
237 4 129 112 80 57 0 
238 5 130 113 71 58 0 
239 6 121 114 72 59 0 
240 7 122 115 73 60 0 